1
2
1.00
1.00

1
10
6.00
2.00

1
15
6.00
2.00

2
1
1.00
1.00

2
3
1.00
1.00

2
11
5.00
1.75

2
14
5.00
1.75

3
2
1.00
1.00

3
4
1.00
1.00

4
3
1.00
1.00

4
5
1.00
1.00

5
4
1.00
1.00

5
6
1.00
1.00

6
5
1.00
1.00

6
7
1.00
1.00

7
6
1.00
1.00

7
8
1.00
1.00

8
7
1.00
1.00

8
9
1.00
1.00

9
8
1.00
1.00

9
10
10.00
4.00

9
15
10.00
4.00

10
1
6.00
2.00

10
9
10.00
4.00

10
11
1.00
1.00

11
2
5.00
1.75

11
8
9.00
3.00

11
10
1.00
1.00

11
12
1.00
1.00

12
11
1.00
1.00

12
13
1.00
1.00

13
12
1.00
1.00

13
14
1.00
1.00

14
2
5.00
1.75

14
8
9.00
3.00

14
13
1.00
1.00

14
15
1.00
1.00

15
1
6.00
2.00

15
9
10.00
4.00

15
14
1.00
1.00
